1 0.9423076923076923 0.9266666666666666 0.0673076923076923 0.13333333333333333
1 0.8533653846153846 0.9266666666666666 0.040865384615384616 0.14
0 0.7932692307692307 0.9333333333333333 0.08173076923076923 0.12666666666666668
1 0.6995192307692307 0.9333333333333333 0.057692307692307696 0.12666666666666668
1 0.6033653846153846 0.9266666666666666 0.04326923076923077 0.13333333333333333
1 0.5408653846153846 0.94 0.08413461538461539 0.12
1 0.4230769230769231 0.9333333333333333 0.06009615384615385 0.12
1 0.34134615384615385 0.9333333333333333 0.05048076923076923 0.12666666666666668
0 0.27884615384615385 0.9266666666666666 0.07692307692307693 0.13333333333333333
1 0.15865384615384615 0.9266666666666666 0.06009615384615385 0.13333333333333333
1 0.07451923076923077 0.9266666666666666 0.04807692307692308 0.13333333333333333
1 0.03125 0.9266666666666666 0.057692307692307696 0.14