1 0.057692307692307696 0.9144736842105263 0.0673076923076923 0.13157894736842105
1 0.1466346153846154 0.9144736842105263 0.040865384615384616 0.13815789473684212
0 0.20673076923076922 0.9210526315789473 0.08173076923076923 0.125
1 0.3004807692307692 0.9210526315789473 0.057692307692307696 0.125
1 0.39663461538461536 0.9144736842105263 0.04326923076923077 0.13157894736842105
1 0.45913461538461536 0.9276315789473685 0.08413461538461539 0.11842105263157894
1 0.5769230769230769 0.9210526315789473 0.06009615384615385 0.11842105263157894
1 0.6586538461538461 0.9210526315789473 0.05048076923076923 0.125
0 0.7211538461538461 0.9144736842105263 0.07692307692307693 0.13157894736842105
1 0.8413461538461539 0.9144736842105263 0.06009615384615385 0.13157894736842105
1 0.9254807692307693 0.9144736842105263 0.04807692307692308 0.13157894736842105
1 0.96875 0.9144736842105263 0.057692307692307696 0.13815789473684212