1 0.9591346153846154 0.8266666666666667 0.055288461538461536 0.16666666666666666
1 0.9014423076923077 0.8333333333333334 0.057692307692307696 0.14666666666666667
0 0.8317307692307693 0.8733333333333333 0.06490384615384616 0.24666666666666667
1 0.7860576923076923 0.8066666666666666 0.052884615384615384 0.15333333333333332
1 0.7235576923076923 0.8266666666666667 0.04326923076923077 0.18
1 0.6730769230769231 0.84 0.052884615384615384 0.14666666666666667
1 0.6009615384615384 0.8133333333333334 0.05048076923076923 0.16
0 0.5432692307692307 0.7533333333333333 0.06490384615384616 0.38666666666666666
1 0.47596153846153844 0.8066666666666666 0.04567307692307692 0.15333333333333332
1 0.40865384615384615 0.8333333333333334 0.05048076923076923 0.16666666666666666
1 0.3605769230769231 0.8266666666666667 0.04326923076923077 0.17333333333333334
0 0.30528846153846156 0.84 0.052884615384615384 0.14
1 0.2283653846153846 0.8266666666666667 0.06490384615384616 0.16666666666666666
1 0.17067307692307693 0.8266666666666667 0.055288461538461536 0.16
1 0.10817307692307693 0.8266666666666667 0.055288461538461536 0.14666666666666667
0 0.040865384615384616 0.8466666666666667 0.052884615384615384 0.18