1 0.040865384615384616 0.8157894736842105 0.055288461538461536 0.16447368421052633
1 0.0985576923076923 0.8223684210526315 0.057692307692307696 0.14473684210526316
0 0.16826923076923078 0.8618421052631579 0.06490384615384616 0.24342105263157895
1 0.21394230769230768 0.7960526315789473 0.052884615384615384 0.1513157894736842
1 0.2764423076923077 0.8157894736842105 0.04326923076923077 0.17763157894736842
1 0.3269230769230769 0.8289473684210527 0.052884615384615384 0.14473684210526316
1 0.39903846153846156 0.8026315789473685 0.05048076923076923 0.15789473684210525
0 0.4567307692307692 0.743421052631579 0.06490384615384616 0.3815789473684211
1 0.5240384615384616 0.7960526315789473 0.04567307692307692 0.1513157894736842
1 0.5913461538461539 0.8223684210526315 0.05048076923076923 0.16447368421052633
1 0.6394230769230769 0.8157894736842105 0.04326923076923077 0.17105263157894737
0 0.6947115384615384 0.8289473684210527 0.052884615384615384 0.13815789473684212
1 0.7716346153846154 0.8157894736842105 0.06490384615384616 0.16447368421052633
1 0.8293269230769231 0.8157894736842105 0.055288461538461536 0.15789473684210525
1 0.8918269230769231 0.8157894736842105 0.055288461538461536 0.14473684210526316
0 0.9591346153846154 0.8355263157894737 0.052884615384615384 0.17763157894736842