1 0.9615384615384616 0.92 0.040865384615384616 0.13333333333333333
1 0.9110576923076923 0.92 0.036057692307692304 0.14666666666666667
1 0.8798076923076923 0.92 0.03365384615384615 0.14666666666666667
1 0.84375 0.92 0.03365384615384615 0.14666666666666667
1 0.8004807692307693 0.92 0.038461538461538464 0.16
1 0.7644230769230769 0.92 0.038461538461538464 0.14666666666666667
1 0.7091346153846154 0.92 0.040865384615384616 0.15333333333333332
1 0.6730769230769231 0.92 0.04807692307692308 0.15333333333333332
1 0.6177884615384616 0.92 0.040865384615384616 0.14666666666666667
0 0.5673076923076923 0.9266666666666666 0.0625 0.13333333333333333
1 0.5024038461538461 0.92 0.04807692307692308 0.14
1 0.45913461538461536 0.92 0.038461538461538464 0.14
1 0.4254807692307692 0.9066666666666666 0.040865384615384616 0.13333333333333333
1 0.3918269230769231 0.9133333333333333 0.03365384615384615 0.12
1 0.34375 0.92 0.040865384615384616 0.14666666666666667
1 0.30528846153846156 0.92 0.036057692307692304 0.16
1 0.25961538461538464 0.92 0.038461538461538464 0.14666666666666667
1 0.22115384615384615 0.92 0.036057692307692304 0.16
1 0.1875 0.92 0.03125 0.15333333333333332
1 0.15384615384615385 0.92 0.038461538461538464 0.14666666666666667
1 0.10817307692307693 0.9133333333333333 0.038461538461538464 0.16
1 0.057692307692307696 0.9 0.038461538461538464 0.14
1 0.02403846153846154 0.9133333333333333 0.036057692307692304 0.14666666666666667