1 0.038461538461538464 0.9078947368421053 0.040865384615384616 0.13157894736842105
1 0.0889423076923077 0.9078947368421053 0.036057692307692304 0.14473684210526316
1 0.1201923076923077 0.9078947368421053 0.03365384615384615 0.14473684210526316
1 0.15625 0.9078947368421053 0.03365384615384615 0.14473684210526316
1 0.19951923076923078 0.9078947368421053 0.038461538461538464 0.15789473684210525
1 0.23557692307692307 0.9078947368421053 0.038461538461538464 0.14473684210526316
1 0.29086538461538464 0.9078947368421053 0.040865384615384616 0.1513157894736842
1 0.3269230769230769 0.9078947368421053 0.04807692307692308 0.1513157894736842
1 0.38221153846153844 0.9078947368421053 0.040865384615384616 0.14473684210526316
0 0.4326923076923077 0.9144736842105263 0.0625 0.13157894736842105
1 0.49759615384615385 0.9078947368421053 0.04807692307692308 0.13815789473684212
1 0.5408653846153846 0.9078947368421053 0.038461538461538464 0.13815789473684212
1 0.5745192307692307 0.8947368421052632 0.040865384615384616 0.13157894736842105
1 0.6081730769230769 0.9013157894736842 0.03365384615384615 0.11842105263157894
1 0.65625 0.9078947368421053 0.040865384615384616 0.14473684210526316
1 0.6947115384615384 0.9078947368421053 0.036057692307692304 0.15789473684210525
1 0.7403846153846154 0.9078947368421053 0.038461538461538464 0.14473684210526316
1 0.7788461538461539 0.9078947368421053 0.036057692307692304 0.15789473684210525
1 0.8125 0.9078947368421053 0.03125 0.1513157894736842
1 0.8461538461538461 0.9078947368421053 0.038461538461538464 0.14473684210526316
1 0.8918269230769231 0.9013157894736842 0.038461538461538464 0.15789473684210525
1 0.9423076923076923 0.8881578947368421 0.038461538461538464 0.13815789473684212
1 0.9759615384615384 0.9013157894736842 0.036057692307692304 0.14473684210526316