1 0.07451923076923077 0.9078947368421053 0.05048076923076923 0.125
1 0.13701923076923078 0.9078947368421053 0.055288461538461536 0.14473684210526316
1 0.1971153846153846 0.9144736842105263 0.05048076923076923 0.13815789473684212
0 0.25961538461538464 0.8421052631578947 0.09375 0.27631578947368424
1 0.31009615384615385 0.9078947368421053 0.04807692307692308 0.10526315789473684
1 0.36778846153846156 0.9078947368421053 0.06490384615384616 0.125
1 0.43509615384615385 0.9144736842105263 0.0673076923076923 0.11842105263157894
1 0.49038461538461536 0.9144736842105263 0.057692307692307696 0.13815789473684212
0 0.5504807692307693 0.868421052631579 0.09134615384615384 0.23026315789473684
1 0.6081730769230769 0.9013157894736842 0.04567307692307692 0.11842105263157894
0 0.6634615384615384 0.9013157894736842 0.0673076923076923 0.15789473684210525
1 0.7355769230769231 0.9210526315789473 0.06490384615384616 0.11842105263157894
1 0.7956730769230769 0.9144736842105263 0.07211538461538461 0.13157894736842105
1 0.8533653846153846 0.9078947368421053 0.0673076923076923 0.15789473684210525
1 0.90625 0.9078947368421053 0.07692307692307693 0.1513157894736842
1 0.9639423076923077 0.9013157894736842 0.06971153846153846 0.16447368421052633