1 0.06971153846153846 0.9276315789473685 0.0625 0.11842105263157894
1 0.10576923076923077 0.9144736842105263 0.055288461538461536 0.13157894736842105
0 0.1658653846153846 0.9144736842105263 0.055288461538461536 0.13157894736842105
1 0.2764423076923077 0.9078947368421053 0.04567307692307692 0.1513157894736842
0 0.3317307692307692 0.9144736842105263 0.06009615384615385 0.13815789473684212
1 0.4326923076923077 0.9210526315789473 0.055288461538461536 0.11842105263157894
1 0.5096153846153846 0.9210526315789473 0.052884615384615384 0.11842105263157894
1 0.5504807692307693 0.9144736842105263 0.052884615384615384 0.13157894736842105
0 0.6225961538461539 0.9210526315789473 0.08173076923076923 0.125
1 0.7211538461538461 0.9144736842105263 0.0625 0.13815789473684212
0 0.7716346153846154 0.9078947368421053 0.08413461538461539 0.14473684210526316
1 0.875 0.9078947368421053 0.06971153846153846 0.14473684210526316
1 0.9567307692307693 0.9078947368421053 0.06490384615384616 0.14473684210526316