1 0.9519230769230769 0.92 0.057692307692307696 0.16
0 0.8918269230769231 0.92 0.07692307692307693 0.15333333333333332
1 0.7788461538461539 0.9266666666666666 0.057692307692307696 0.13333333333333333
1 0.6899038461538461 0.9266666666666666 0.05048076923076923 0.13333333333333333
0 0.6274038461538461 0.9266666666666666 0.06490384615384616 0.13333333333333333
1 0.5216346153846154 0.9266666666666666 0.038461538461538464 0.14
1 0.43509615384615385 0.9133333333333333 0.05048076923076923 0.16666666666666666
0 0.36778846153846156 0.92 0.06490384615384616 0.14666666666666667
1 0.2548076923076923 0.92 0.04326923076923077 0.14666666666666667
1 0.17307692307692307 0.9266666666666666 0.055288461538461536 0.14
0 0.10817307692307693 0.92 0.08173076923076923 0.16