1 0.9302884615384616 0.94 0.0625 0.12
1 0.8942307692307693 0.9266666666666666 0.055288461538461536 0.13333333333333333
0 0.8341346153846154 0.9266666666666666 0.055288461538461536 0.13333333333333333
1 0.7235576923076923 0.92 0.04567307692307692 0.15333333333333332
0 0.6682692307692307 0.9266666666666666 0.06009615384615385 0.14
1 0.5673076923076923 0.9333333333333333 0.055288461538461536 0.12
1 0.49038461538461536 0.9333333333333333 0.052884615384615384 0.12
1 0.4495192307692308 0.9266666666666666 0.052884615384615384 0.13333333333333333
0 0.37740384615384615 0.9333333333333333 0.08173076923076923 0.12666666666666668
1 0.27884615384615385 0.9266666666666666 0.0625 0.14
0 0.2283653846153846 0.92 0.08413461538461539 0.14666666666666667
1 0.125 0.92 0.06971153846153846 0.14666666666666667
1 0.04326923076923077 0.92 0.06490384615384616 0.14666666666666667