1 0.04807692307692308 0.9078947368421053 0.057692307692307696 0.15789473684210525
0 0.10817307692307693 0.9078947368421053 0.07692307692307693 0.1513157894736842
1 0.22115384615384615 0.9144736842105263 0.057692307692307696 0.13157894736842105
1 0.31009615384615385 0.9144736842105263 0.05048076923076923 0.13157894736842105
0 0.37259615384615385 0.9144736842105263 0.06490384615384616 0.13157894736842105
1 0.47836538461538464 0.9144736842105263 0.038461538461538464 0.13815789473684212
1 0.5649038461538461 0.9013157894736842 0.05048076923076923 0.16447368421052633
0 0.6322115384615384 0.9078947368421053 0.06490384615384616 0.14473684210526316
1 0.7451923076923077 0.9078947368421053 0.04326923076923077 0.14473684210526316
1 0.8269230769230769 0.9144736842105263 0.055288461538461536 0.13815789473684212
0 0.8918269230769231 0.9078947368421053 0.08173076923076923 0.15789473684210525