0 0.08653846153846154 0.9078947368421053 0.10336538461538461 0.14473684210526316
1 0.18509615384615385 0.9144736842105263 0.0625 0.13157894736842105
1 0.25 0.9210526315789473 0.09134615384615384 0.125
1 0.3485576923076923 0.9078947368421053 0.07692307692307693 0.14473684210526316
0 0.41346153846153844 0.9144736842105263 0.07692307692307693 0.13815789473684212
1 0.5360576923076923 0.9078947368421053 0.07211538461538461 0.1513157894736842
0 0.6322115384615384 0.9078947368421053 0.07932692307692307 0.15789473684210525
1 0.7019230769230769 0.9078947368421053 0.07692307692307693 0.14473684210526316
0 0.7620192307692307 0.9078947368421053 0.08173076923076923 0.1513157894736842
1 0.8725961538461539 0.9144736842105263 0.0625 0.13815789473684212
0 0.9302884615384616 0.9078947368421053 0.08173076923076923 0.1513157894736842