0 0.9134615384615384 0.92 0.10336538461538461 0.14666666666666667
1 0.8149038461538461 0.9266666666666666 0.0625 0.13333333333333333
1 0.75 0.9333333333333333 0.09134615384615384 0.12666666666666668
1 0.6514423076923077 0.92 0.07692307692307693 0.14666666666666667
0 0.5865384615384616 0.9266666666666666 0.07692307692307693 0.14
1 0.4639423076923077 0.92 0.07211538461538461 0.15333333333333332
0 0.36778846153846156 0.92 0.07932692307692307 0.16
1 0.2980769230769231 0.92 0.07692307692307693 0.14666666666666667
0 0.23798076923076922 0.92 0.08173076923076923 0.15333333333333332
1 0.12740384615384615 0.9266666666666666 0.0625 0.14
0 0.06971153846153846 0.92 0.08173076923076923 0.15333333333333332