1 0.07692307692307693 0.881578947368421 0.0673076923076923 0.18421052631578946
0 0.13942307692307693 0.881578947368421 0.06490384615384616 0.17105263157894737
0 0.1875 0.881578947368421 0.052884615384615384 0.19736842105263158
0 0.23317307692307693 0.8881578947368421 0.0625 0.17105263157894737
1 0.3317307692307692 0.868421052631579 0.04567307692307692 0.125
0 0.3798076923076923 0.875 0.057692307692307696 0.14473684210526316
0 0.4567307692307692 0.8881578947368421 0.03365384615384615 0.1118421052631579
0 0.49038461538461536 0.9013157894736842 0.04567307692307692 0.16447368421052633
0 0.5288461538461539 0.875 0.05048076923076923 0.14473684210526316
0 0.5985576923076923 0.8881578947368421 0.0625 0.17763157894736842
0 0.6730769230769231 0.875 0.04326923076923077 0.16447368421052633