1 0.9230769230769231 0.8933333333333333 0.0673076923076923 0.18666666666666668
0 0.8605769230769231 0.8933333333333333 0.06490384615384616 0.17333333333333334
0 0.8125 0.8933333333333333 0.052884615384615384 0.2
0 0.7668269230769231 0.9 0.0625 0.17333333333333334
1 0.6682692307692307 0.88 0.04567307692307692 0.12666666666666668
0 0.6201923076923077 0.8866666666666667 0.057692307692307696 0.14666666666666667
0 0.5432692307692307 0.9 0.03365384615384615 0.11333333333333333
0 0.5096153846153846 0.9133333333333333 0.04567307692307692 0.16666666666666666
0 0.47115384615384615 0.8866666666666667 0.05048076923076923 0.14666666666666667
0 0.4014423076923077 0.9 0.0625 0.18
0 0.3269230769230769 0.8866666666666667 0.04326923076923077 0.16666666666666666