1 0.07211538461538461 0.9276315789473685 0.057692307692307696 0.11842105263157894
1 0.14182692307692307 0.9276315789473685 0.06009615384615385 0.11842105263157894
1 0.21394230769230768 0.9210526315789473 0.052884615384615384 0.125
1 0.28846153846153844 0.9144736842105263 0.0673076923076923 0.13157894736842105
1 0.3701923076923077 0.9210526315789473 0.052884615384615384 0.11842105263157894
1 0.4423076923076923 0.9144736842105263 0.0625 0.13157894736842105
1 0.5216346153846154 0.9078947368421053 0.057692307692307696 0.14473684210526316
0 0.59375 0.9078947368421053 0.08173076923076923 0.15789473684210525
1 0.6730769230769231 0.9144736842105263 0.06009615384615385 0.13815789473684212
1 0.75 0.9276315789473685 0.0625 0.1118421052631579
1 0.8125 0.9210526315789473 0.06009615384615385 0.125
0 0.8918269230769231 0.9342105263157895 0.06490384615384616 0.09868421052631579
1 0.9711538461538461 0.9342105263157895 0.052884615384615384 0.09868421052631579