1 0.08653846153846154 0.9013157894736842 0.055288461538461536 0.15789473684210525
1 0.15625 0.9078947368421053 0.06971153846153846 0.1513157894736842
1 0.22115384615384615 0.9078947368421053 0.06490384615384616 0.15789473684210525
1 0.30288461538461536 0.9013157894736842 0.057692307692307696 0.15789473684210525
1 0.3701923076923077 0.8947368421052632 0.05048076923076923 0.17763157894736842
1 0.43990384615384615 0.8947368421052632 0.06009615384615385 0.17763157894736842
1 0.5096153846153846 0.9013157894736842 0.04326923076923077 0.16447368421052633
1 0.5769230769230769 0.8947368421052632 0.057692307692307696 0.17763157894736842
1 0.6466346153846154 0.8947368421052632 0.055288461538461536 0.17763157894736842
0 0.7451923076923077 0.875 0.11298076923076923 0.21052631578947367
1 0.8677884615384616 0.8881578947368421 0.0625 0.1513157894736842
1 0.9471153846153846 0.9078947368421053 0.06971153846153846 0.1513157894736842