1 0.9158653846153846 0.9333333333333333 0.0673076923076923 0.12
1 0.8485576923076923 0.9333333333333333 0.07211538461538461 0.12
1 0.7836538461538461 0.94 0.0625 0.11333333333333333
0 0.036057692307692304 0.9333333333333333 0.0673076923076923 0.12666666666666668
1 0.7115384615384616 0.94 0.055288461538461536 0.11333333333333333
1 0.6442307692307693 0.9466666666666667 0.052884615384615384 0.09333333333333334
1 0.5817307692307693 0.9333333333333333 0.05048076923076923 0.12
1 0.5072115384615384 0.94 0.06490384615384616 0.12
1 0.4495192307692308 0.9466666666666667 0.055288461538461536 0.1
1 0.3798076923076923 0.9466666666666667 0.0673076923076923 0.1
1 0.30288461538461536 0.9466666666666667 0.05048076923076923 0.09333333333333334
1 0.24519230769230768 0.9466666666666667 0.055288461538461536 0.1
1 0.1778846153846154 0.9466666666666667 0.06009615384615385 0.1
1 0.1201923076923077 0.9333333333333333 0.07211538461538461 0.12666666666666668